255 255 255 255 255 255 255 255 255 255 255 255 255 255 255 255
255 112  64  64  64 207 112 255 207 207 207  64  64  64 112 255
255  64 239 191 191 191  48  48  64 207 191 191 191 239  64 255
255  64 191   0 191 191 143 143 255 112 191 191   0 191  64 255
255  64 191 191 143 191 191 191  48  48 191 143 191 191  64 255
255 207 191 191 191 239 239 239 239 239 239 191 191 191 207 255
255 207 191 239 239  48  64 207 191   0  48  96  48 239 112 255
255  64 143 191 239 191  16  16 239 191  48 239 191 239 255 255
255  64 207  16  96  48  64 207 143 191   0  48  48 191 207 255
255  64 255 207 239  48 207 207 191 239  48 239 191  48  64 255
255 207 191 191 191 239 255 207 239 239 239 239  48 191  64 255
255  64 191 191 143 191 112  64 191 191 239 239  48 191 207 255
255  64 191   0 191 191 112 112 191 239  64  64  48 239 207 255
255  64 239 191 191 191 207 207 191 239  64  64  48  96 207 255
255 112  64  64  64 207 112 255 207  64 255 255 207  64 112 255
255 255 255 255 255 255 255 255 255 255 255 255 255 255 255 255
255 255 255 255 255 255 255 255 255 255 255 255 255 255 255 255
255 112  64  64  64 207 112 255 207 207 207  64  64  64 112 255
255  64 239 191 191 191  48  48  64 207 191 191 191 239  64 255
255  64 191   0 191 191 143 143 255 112 191 191   0 191  64 255
255  64 191 191 143 191 191 191  48  48 191 143 191 191  64 255
255 207 191 191 191 239 239 239 239 239 239 191 191 191 207 255
255 207 191 239 239  48  64 207 191   0  48  96  48 239 112 255
255  64 143 191 239 191  16  16 239 191  48 239 191 239 255 255
255  64 207  16  96  48  64 207 143 191   0  48  48 191 207 255
255  64 255 207 239  48 207 207 191 239  48 239 191  48  64 255
255 207 191 191 191 239 255 207 239 239 239 239  48 191  64 255
255  64 191 191 143 191 112  64 191 191 239 239  48 191 207 255
255  64 191   0 191 191 112 112 191 239  64  64  48 239 207 255
255  64 239 191 191 191 207 207 191 239  64  64  48  96 207 255
255 112  64  64  64 207 112 255 207  64 255 255 207  64 112 255
255 255 255 255 255 255 255 255 255 255 255 255 255 255 255 255
255 255 255 255 255 255 255 255 255 255 255 255 255 255 255 255
255 112  64  64  64 207 112 255 207 207 207  64  64  64 112 255
255  64 239 191 191 191  48  48  64 207 191 191 191 239  64 255
255  64 191   0 191 191 143 143 255 112 191 191   0 191  64 255
255  64 191 191 143 191 191 191  48  48 191 143 191 191  64 255
255 207 191 191 191 239 239 239 239 239 239 191 191 191 207 255
255 207 191 239 239  48  64 207 191   0  48  96  48 239 112 255
255  64 143 191 239 191  16  16 239 191  48 239 191 239 255 255
255  64 207  16  96  48  64 207 143 191   0  48  48 191 207 255
255  64 255 207 239  48 207 207 191 239  48 239 191  48  64 255
255 207 191 191 191 239 255 207 239 239 239 239  48 191  64 255
255  64 191 191 143 191 112  64 191 191 239 239  48 191 207 255
255  64 191   0 191 191 112 112 191 239  64  64  48 239 207 255
255  64 239 191 191 191 207 207 191 239  64  64  48  96 207 255
255 112  64  64  64 207 112 255 207  64 255 255 207  64 112 255
255 255 255 255 255 255 255 255 255 255 255 255 255 255 255 255

255 255 255 255 255 255 255 255 255 255 255 255 255 255 255 255
255 112  64  64  64 207 112 255 207  64  64 207 207 207 112 255
255  64 239 191 191 191 239 239 191  48 191 191 239  96  64 255
255  64 191   0 191 191  48 191  48 191  48  48  48  48 207 255
255  64 191 191 143 191  96 239  48 239 239 239  64  64 255 255
255 207 191 191 191 239  48  48   0  48 239 239  64  64 255 255
255 207 207 112  48 239   0 191 191 239 239 191 239 239  64 255
255 207  64 255  48 239 191 239 143 191 239 191 191 191 207 255
255 255  48 143 191 239 207  16 207 207 207  64 112 207 255 255
255 112  48 143 191 239  64  16  64 207 255 112 112 207 112 255
255 207 191 191 191 239  48 191  48  48 239 191 191 191 207 255
255  64 191 191 143 191 239 239  96 239 191 143 191 191  64 255
255  64 191   0 191 191 239 191  16 207 191 191   0 191  64 255
255  64 239 191 191 191 191 143 207 255 191 191 191 239  64 255
255 112  64  64  64 207 207  64  64  64 207  64  64  64 112 255
255 255 255 255 255 255 255 255 255 255 255 255 255 255 255 255
255 255 255 255 255 255 255 255 255 255 255 255 255 255 255 255
255 112  64  64  64 207 112 255 207  64  64 207 207 207 112 255
255  64 239 191 191 191 239 239 191  48 191 191 239  96  64 255
255  64 191   0 191 191  48 191  48 191  48  48  48  48 207 255
255  64 191 191 143 191  96 239  48 239 239 239  64  64 255 255
255 207 191 191 191 239  48  48   0  48 239 239  64  64 255 255
255 207 207 112  48 239   0 191 191 239 239 191 239 239  64 255
255 207  64 255  48 239 191 239 143 191 239 191 191 191 207 255
255 255  48 143 191 239 207  16 207 207 207  64 112 207 255 255
255 112  48 143 191 239  64  16  64 207 255 112 112 207 112 255
255 207 191 191 191 239  48 191  48  48 239 191 191 191 207 255
255  64 191 191 143 191 239 239  96 239 191 143 191 191  64 255
255  64 191   0 191 191 239 191  16 207 191 191   0 191  64 255
255  64 239 191 191 191 191 143 207 255 191 191 191 239  64 255
255 112  64  64  64 207 207  64  64  64 207  64  64  64 112 255
255 255 255 255 255 255 255 255 255 255 255 255 255 255 255 255
255 255 255 255 255 255 255 255 255 255 255 255 255 255 255 255
255 112  64  64  64 207 112 255 207  64  64 207 207 207 112 255
255  64 239 191 191 191 239 239 191  48 191 191 239  96  64 255
255  64 191   0 191 191  48 191  48 191  48  48  48  48 207 255
255  64 191 191 143 191  96 239  48 239 239 239  64  64 255 255
255 207 191 191 191 239  48  48   0  48 239 239  64  64 255 255
255 207 207 112  48 239   0 191 191 239 239 191 239 239  64 255
255 207  64 255  48 239 191 239 143 191 239 191 191 191 207 255
255 255  48 143 191 239 207  16 207 207 207  64 112 207 255 255
255 112  48 143 191 239  64  16  64 207 255 112 112 207 112 255
255 207 191 191 191 239  48 191  48  48 239 191 191 191 207 255
255  64 191 191 143 191 239 239  96 239 191 143 191 191  64 255
255  64 191   0 191 191 239 191  16 207 191 191   0 191  64 255
255  64 239 191 191 191 191 143 207 255 191 191 191 239  64 255
255 112  64  64  64 207 207  64  64  64 207  64  64  64 112 255
255 255 255 255 255 255 255 255 255 255 255 255 255 255 255 255

255 254 254 254 255 255 254 254 255 254 254 254 254 254 254 255
254 169 117 219 239 239 143 220 243 143 158 121 116 115 163 254
254 187 106  60  91  86 188 127 149 177  97 195 153 207 115 254
254 187 182  67  95  69 163 148 106 121  98 191   4 153 116 254
254 215 190  53 221 128 165 191 115 120 176 167 191 194 121 254
254 114 197  74 128  72 114 173 158 121  74 181 207 205 165 254
254 110 111 175 174 114 195 146 151 171 117 208 172 232 116 254
254 174 151  88  44  87 152 157 148  87  81 116  49 134 153 254
254 204 185 152 153 107 143 225  90  68 178 217 171 103 153 254
254 170 206 123  86  78  35 173 179  57  62 218 157 147 191 254
254 219 131 174 127 140 132 143 144 130 114 176  98  97 158 254
254 121 194 191 167 176  78  97 185 167 111 167 191 194 121 254
254 116 154   4 191 115  88 169 120 132 174 191   4 153 116 254
254 115 207 153 194 195 197  92  66  48 131 195 153 207 115 254
254 163 115 116 121 165 199 212 238 160 219 121 116 115 163 254
255 254 254 254 254 254 254 254 255 254 254 254 254 254 254 255
255 254 254 254 255 255 254 254 255 254 254 254 254 254 254 255
254 169 117 219 239 239 143 220 243 143 158 121 116 115 163 254
254 187 106  60  91  86 188 127 149 177  97 195 153 207 115 254
254 187 182  67  95  69 163 148 106 121  98 191   4 153 116 254
254 215 190  53 221 128 165 191 115 120 176 167 191 194 121 254
254 114 197  74 128  72 114 173 158 121  74 181 207 205 165 254
254 110 111 175 174 114 195 146 151 171 117 208 172 232 116 254
254 174 151  88  44  87 152 157 148  87  81 116  49 134 153 254
254 204 185 152 153 107 143 225  90  68 178 217 171 103 153 254
254 170 206 123  86  78  35 173 179  57  62 218 157 147 191 254
254 219 131 174 127 140 132 143 144 130 114 176  98  97 158 254
254 121 194 191 167 176  78  97 185 167 111 167 191 194 121 254
254 116 154   4 191 115  88 169 120 132 174 191   4 153 116 254
254 115 207 153 194 195 197  92  66  48 131 195 153 207 115 254
254 163 115 116 121 165 199 212 238 160 219 121 116 115 163 254
255 254 254 254 254 254 254 254 255 254 254 254 254 254 254 255
255 254 254 254 255 255 254 254 255 254 254 254 254 254 254 255
254 169 117 219 239 239 143 220 243 143 158 121 116 115 163 254
254 187 106  60  91  86 188 127 149 177  97 195 153 207 115 254
254 187 182  67  95  69 163 148 106 121  98 191   4 153 116 254
254 215 190  53 221 128 165 191 115 120 176 167 191 194 121 254
254 114 197  74 128  72 114 173 158 121  74 181 207 205 165 254
254 110 111 175 174 114 195 146 151 171 117 208 172 232 116 254
254 174 151  88  44  87 152 157 148  87  81 116  49 134 153 254
254 204 185 152 153 107 143 225  90  68 178 217 171 103 153 254
254 170 206 123  86  78  35 173 179  57  62 218 157 147 191 254
254 219 131 174 127 140 132 143 144 130 114 176  98  97 158 254
254 121 194 191 167 176  78  97 185 167 111 167 191 194 121 254
254 116 154   4 191 115  88 169 120 132 174 191   4 153 116 254
254 115 207 153 194 195 197  92  66  48 131 195 153 207 115 254
254 163 115 116 121 165 199 212 238 160 219 121 116 115 163 254
255 254 254 254 254 254 254 254 255 254 254 254 254 254 254 255

255 255 254 254 254 255 254 254 254 255 255 254 254 254 255 255
255 164 116 116 122 165 116 153 154 192 159 122 116 116 164 255
254 116 208 153 195 205 232 135 103 148  97 195 153 208 116 254
254 116 153   5 191 208 172  49 171 157  98 191   5 153 116 254
254 122 195 192 168 181 209 117 217 218 176 168 192 195 122 254
255 159  97  98 176  74 117  82 179  62 115 111 174 131 219 255
254 143 177 122 120 121 172  87  69  58 131 168 133  49 161 255
255 243 149 107 116 159 152 148  90 179 144 185 120  67 238 255
255 220 127 149 192 173 147 157 226 173 143  98 169  92 213 255
254 143 189 163 165 115 196 152 143  35 132  78  88 197 199 255
255 239  87  69 128  73 115  88 108  78 141 176 116 195 165 255
255 239  92  96 222 128 174  44 154  86 127 168 191 195 122 254
255 220  60  68  54  75 176  88 152 124 174 191   5 153 116 254
254 118 106 183 190 198 111 151 186 206 131 195 154 208 116 254
255 170 188 188 215 115 110 175 205 171 219 122 116 116 164 255
255 255 255 255 255 254 254 255 255 255 255 254 254 254 255 255
255 255 254 254 254 255 254 254 254 255 255 254 254 254 255 255
255 164 116 116 122 165 116 153 154 192 159 122 116 116 164 255
254 116 208 153 195 205 232 135 103 148  97 195 153 208 116 254
254 116 153   5 191 208 172  49 171 157  98 191   5 153 116 254
254 122 195 192 168 181 209 117 217 218 176 168 192 195 122 254
255 159  97  98 176  74 117  82 179  62 115 111 174 131 219 255
254 143 177 122 120 121 172  87  69  58 131 168 133  49 161 255
255 243 149 107 116 159 152 148  90 179 144 185 120  67 238 255
255 220 127 149 192 173 147 157 226 173 143  98 169  92 213 255
254 143 189 163 165 115 196 152 143  35 132  78  88 197 199 255
255 239  87  69 128  73 115  88 108  78 141 176 116 195 165 255
255 239  92  96 222 128 174  44 154  86 127 168 191 195 122 254
255 220  60  68  54  75 176  88 152 124 174 191   5 153 116 254
254 118 106 183 190 198 111 151 186 206 131 195 154 208 116 254
255 170 188 188 215 115 110 175 205 171 219 122 116 116 164 255
255 255 255 255 255 254 254 255 255 255 255 254 254 254 255 255
255 255 254 254 254 255 254 254 254 255 255 254 254 254 255 255
255 164 116 116 122 165 116 153 154 192 159 122 116 116 164 255
254 116 208 153 195 205 232 135 103 148  97 195 153 208 116 254
254 116 153   5 191 208 172  49 171 157  98 191   5 153 116 254
254 122 195 192 168 181 209 117 217 218 176 168 192 195 122 254
255 159  97  98 176  74 117  82 179  62 115 111 174 131 219 255
254 143 177 122 120 121 172  87  69  58 131 168 133  49 161 255
255 243 149 107 116 159 152 148  90 179 144 185 120  67 238 255
255 220 127 149 192 173 147 157 226 173 143  98 169  92 213 255
254 143 189 163 165 115 196 152 143  35 132  78  88 197 199 255
255 239  87  69 128  73 115  88 108  78 141 176 116 195 165 255
255 239  92  96 222 128 174  44 154  86 127 168 191 195 122 254
255 220  60  68  54  75 176  88 152 124 174 191   5 153 116 254
254 118 106 183 190 198 111 151 186 206 131 195 154 208 116 254
255 170 188 188 215 115 110 175 205 171 219 122 116 116 164 255
255 255 255 255 255 254 254 255 255 255 255 254 254 254 255 255
